ext B3, B0, B7

J0: S2 -> S3; E0*((ro_0_5 + (1 - ro_0_5)/(1 + S5/kma_0_5))^ma_0_5)*(kf0*S2 - kr0*S3)
J1: S2 -> S1 + S7; E1*((ro_1_7 + (1 - ro_1_7)*(S7/kma_1_7)/(1 + S7/kma_1_7))^ma_1_7)*(kf1*S2 - kr1*S1*S7)
J2: S9 + S5 -> S4; E2*(kf2*S9*S5 - kr2*S4)
J3: S4 + S6 -> S0; E3*(kf3*S4*S6 - kr3*S0)
J4: S1 -> S0; E4*(kf4*S1 - kr4*S0)
J5: S6 -> S5 + S4; E5*(kf5*S6 - kr5*S5*S4)
J6: S9 -> S2 + S8; E6*(kf6*S9 - kr6*S2*S8)
J7: S3 -> S9; E7*(kf7*S3 - kr7*S9)
J8: S8 -> S6; E8*(kf8*S8 - kr8*S6)

EX_S3: B3 -> S3; E9*(kf9*B3 - kr9*S3)

EX_S0: S0 -> B0; E10*(kr10*S0 - kf10*B0)
EX_S7: S7 -> B7; E11*(kr11*S7 - kf11*B7)

kf0 = 0.8821057911028075
kf1 = 0.021690851614829226
kf2 = 33.91496214905343
kf3 = 0.050647497547568636
kf4 = 0.23755075801433914
kf5 = 1.4728242280199322
kf6 = 2.1955055904316336
kf7 = 0.06782896848402388
kf8 = 0.0542891946053092

kr0 = 0.02624362991118448
kr1 = 0.21700319648050773
kr2 = 0.6347238435638813
kr3 = 0.010085911762362985
kr4 = 0.07241312706098696
kr5 = 0.010292824676106514
kr6 = 0.8747182690683432
kr7 = 0.5585169793912017
kr8 = 5.739473450576236

ro_0_5 = 0.04754854837592515
ro_1_7 = 0.734015551255595

kma_0_5 = 0.5456407893999485
kma_1_7 = 0.5599326411293235

ma_0_5 = 0.4333662213840217
ma_1_7 = 0.7043613282713336

kf9 = 0.06846898183550203

kr9 = 0.46854437727463555
kr10 = 0.9591082362611705
kr11 = 0.4119881638553548

S0 = 9.337712869331309
S1 = 5.589629894078769
S2 = 1.1277629497568886
S3 = 0.11452680627052403
S4 = 0.5669513697601436
S5 = 0.8768853357768869
S6 = 4.739024182710361
S7 = 4.5255920354445065
S8 = 0.3453602143841028
S9 = 4.25364698656163

E0 = 1
E1 = 1
E2 = 1
E3 = 1
E4 = 1
E5 = 1
E6 = 1
E7 = 1
E8 = 1
E9 = 1
E10 = 1
E11 = 1

B3 = 9.559541824323952
B0 = 4.03148701327868
B7 = 0.38820448019383
kf10 = 0.15990062349661271
kf11 = 4.654437436594993
