ext B7, B0, B4

J0: S8 + S3 -> S5; E0*(kf0*S8*S3 - kr0*S5)
J1: S5 -> S3 + S6; E1*(kf1*S5 - kr1*S3*S6)
J2: S8 -> S1; E2*((ro_2_9 + (1 - ro_2_9)/(1 + S9/kma_2_9))^ma_2_9)*(kf2*S8 - kr2*S1)
J3: S6 -> S4 + S9; E3*(kf3*S6 - kr3*S4*S9)
J4: S9 -> S8; E4*(kf4*S9 - kr4*S8)
J5: S7 -> S7 + S1; E5*(kf5*S7 - kr5*S7*S1)
J6: S9 -> S2; E6*(kf6*S9 - kr6*S2)
J7: S2 -> S6; E7*(kf7*S2 - kr7*S6)
J8: S1 -> S5; E8*(kf8*S1 - kr8*S5)
J9: S5 -> S0; E9*(kf9*S5 - kr9*S0)

EX_S7: B7 -> S7; E10*(kf10*B7 - kr10*S7)

EX_S0: S0 -> B0; E11*(kr11*S0 - kf11*B0)
EX_S4: S4 -> B4; E12*(kr12*S4 - kf12*B4)

kf0 = 0.017747584502921725
kf1 = 0.046873256446153734
kf2 = 0.47944745721819976
kf3 = 0.48284244426717565
kf4 = 0.2804388684327076
kf5 = 0.8102848956234158
kf6 = 5.977430097787249
kf7 = 98.05888965761564
kf8 = 2.4064345902420636
kf9 = 0.049049160054811906

kr0 = 0.026552295642204293
kr1 = 0.026975258185059522
kr2 = 9.94141481712324
kr3 = 0.09823237782902636
kr4 = 0.05012483672364624
kr5 = 42.950857778489826
kr6 = 0.7664400670003149
kr7 = 0.48359915752139787
kr8 = 0.09107932961134388
kr9 = 0.266299224984718

ro_2_9 = 0.16640887087169687

kma_2_9 = 0.6182163465245635

ma_2_9 = 0.538423895812427

kf10 = 0.10318991871347376

kr10 = 0.1650508021496671
kr11 = 0.6908868076637131
kr12 = 0.8173821177030958

S0 = 3.8197073459633324
S1 = 2.239517490925981
S2 = 3.159654517873325
S3 = 5.458612300324452
S4 = 8.20516171903021
S5 = 8.568112273369232
S6 = 5.641243143326385
S7 = 0.7892029199133155
S8 = 4.186442545655252
S9 = 1.0816620950267852

E0 = 1
E1 = 1
E2 = 1
E3 = 1
E4 = 1
E5 = 1
E6 = 1
E7 = 1
E8 = 1
E9 = 1
E10 = 1
E11 = 1
E12 = 1

B7 = 9.482496076991726
B0 = 3.4719389623241415
B4 = 1.0436585727803338
kf11 = 0.03239992333691655
kf12 = 1.3790396735327137
