ext B1, B2, B4

J0: S4 -> S4 + S6; E0*((ro_0_2 + (1 - ro_0_2)/(1 + S2/kma_0_2))^ma_0_2)*(kf0*S4 - kr0*S4*S6)
J1: S0 -> S2 + S7; E1*(kf1*S0 - kr1*S2*S7)
J2: S6 -> S3 + S7; E2*(kf2*S6 - kr2*S3*S7)
J3: S9 + S7 -> S8; E3*(kf3*S9*S7 - kr3*S8)
J4: S7 -> S0; E4*(kf4*S7 - kr4*S0)
J5: S1 -> S1 + S5; E5*(kf5*S1 - kr5*S1*S5)
J6: S3 -> S9; E6*(kf6*S3 - kr6*S9)
J7: S5 -> S4; E7*(kf7*S5 - kr7*S4)
J8: S8 -> S6; E8*(kf8*S8 - kr8*S6)

EX_S1: B1 -> S1; E9*(kf9*B1 - kr9*S1)

EX_S2: S2 -> B2; E10*(kr10*S2 - kf10*B2)
EX_S4: S4 -> B4; E11*(kr11*S4 - kf11*B4)

kf0 = 0.26715919303711894
kf1 = 0.07736477428636945
kf2 = 0.12424694818962569
kf3 = 0.06872859380208236
kf4 = 11.457863363883737
kf5 = 0.017343031976738085
kf6 = 0.1395939777650596
kf7 = 24.4230182531058
kf8 = 1.4702049099920547

kr0 = 0.02908921195748782
kr1 = 76.4105964103433
kr2 = 6.380657762101844
kr3 = 0.045444237319159406
kr4 = 27.33439839623387
kr5 = 0.051912985749582904
kr6 = 0.07220723635416912
kr7 = 25.57918161719255
kr8 = 0.8662055257136292

ro_0_2 = 0.07464050381899923

kma_0_2 = 0.8518159699934468

ma_0_2 = 0.5760360476270522

kf9 = 0.05814559221047425

kr9 = 0.07131249219443032
kr10 = 0.2659334201924715
kr11 = 0.5497792164585562

S0 = 1.0948426160979352
S1 = 5.460826663921885
S2 = 8.911446831794832
S3 = 8.445131608604733
S4 = 9.849196748868144
S5 = 6.997369176240452
S6 = 3.4933835728928884
S7 = 4.919463597394422
S8 = 6.700857870220929
S9 = 9.067443941044822

E0 = 1
E1 = 1
E2 = 1
E3 = 1
E4 = 1
E5 = 1
E6 = 1
E7 = 1
E8 = 1
E9 = 1
E10 = 1
E11 = 1

B1 = 4.379931097365533
B2 = 2.157212144233859
B4 = 8.067476123228605
kf10 = 7.961193052137877
kf11 = 0.6352222242237737
