ext B6, B3, B9

J0: S7 -> S0; E0*((ro_0_1 + (1 - ro_0_1)/(1 + S1/kma_0_1))^ma_0_1)*(kf0*S7 - kr0*S0)
J1: S9 + S4 -> S5; E1*(kf1*S9*S4 - kr1*S5)
J2: S0 -> S7 + S4; E2*(kf2*S0 - kr2*S7*S4)
J3: S0 -> S1; E3*(kf3*S0 - kr3*S1)
J4: S7 -> S2; E4*((ro_4_7 + (1 - ro_4_7)/(1 + S7/kma_4_7))^ma_4_7)*(kf4*S7 - kr4*S2)
J5: S6 -> S0; E5*(kf5*S6 - kr5*S0)
J6: S5 -> S3; E6*(kf6*S5 - kr6*S3)
J7: S2 -> S9; E7*(kf7*S2 - kr7*S9)
J8: S8 -> S6; E8*(kf8*S8 - kr8*S6)
J9: S1 -> S8; E9*(kf9*S1 - kr9*S8)

EX_S6: B6 -> S6; E10*(kf10*B6 - kr10*S6)

EX_S3: S3 -> B3; E11*(kr11*S3 - kf11*B3)
EX_S9: S9 -> B9; E12*(kr12*S9 - kf12*B9)

kf0 = 72.81203411487182
kf1 = 0.1133423679515695
kf2 = 0.2200256437203532
kf3 = 0.47720167710644407
kf4 = 19.06641351642143
kf5 = 1.3904705698338575
kf6 = 4.417199632434049
kf7 = 0.2335029127914338
kf8 = 11.70923374319911
kf9 = 14.139710031105698

kr0 = 39.97524052728642
kr1 = 0.02270631165252982
kr2 = 38.21029147112836
kr3 = 0.54025414888306
kr4 = 15.65105031182535
kr5 = 45.49803509027923
kr6 = 0.15489925045499192
kr7 = 1.7198436699561763
kr8 = 0.06766634311909467
kr9 = 53.03784168451442

ro_0_1 = 0.0785329748622493
ro_4_7 = 0.7026355159260905

kma_0_1 = 0.35201999042815324
kma_4_7 = 0.6901649103813987

ma_0_1 = 0.6120886524212487
ma_4_7 = 0.8648886181643566

kf10 = 0.2872389357549573

kr10 = 0.20498384870871114
kr11 = 0.18708091151590037
kr12 = 0.08637823111223784

S0 = 3.1895617997744994
S1 = 6.440054540473767
S2 = 7.710359370848542
S3 = 9.609164770210102
S4 = 8.264707873740493
S5 = 1.245383399011002
S6 = 1.2264966233639418
S7 = 1.4335271105307212
S8 = 4.896409982109725
S9 = 1.4618135901748963

E0 = 1
E1 = 1
E2 = 1
E3 = 1
E4 = 1
E5 = 1
E6 = 1
E7 = 1
E8 = 1
E9 = 1
E10 = 1
E11 = 1
E12 = 1

B6 = 0.9738115312687279
B3 = 1.0977561192896756
B9 = 0.14861220699353583
kf11 = 0.0793730067515852
kf12 = 9.50446021295258
