ext B2, B5, B7

J0: S3 + S1 -> S6; E0*(kf0*S3*S1 - kr0*S6)
J1: S2 -> S8; E1*(kf1*S2 - kr1*S8)
J2: S6 -> S4; E2*((ro_2_7 + (1 - ro_2_7)*(S7/kma_2_7)/(1 + S7/kma_2_7))^ma_2_7)*(kf2*S6 - kr2*S4)
J3: S2 + S4 -> S2; E3*(kf3*S2*S4 - kr3*S2)
J4: S9 -> S7 + S5; E4*(kf4*S9 - kr4*S7*S5)
J5: S0 -> S3; E5*((ro_5_6 + (1 - ro_5_6)/(1 + S6/kma_5_6))^ma_5_6)*(kf5*S0 - kr5*S3)
J6: S8 -> S1 + S9; E6*(kf6*S8 - kr6*S1*S9)
J7: S4 -> S6; E7*(kf7*S4 - kr7*S6)
J8: S5 -> S7; E8*(kf8*S5 - kr8*S7)
J9: S9 -> S0; E9*(kf9*S9 - kr9*S0)
J10: S3 -> S5; E10*(kf10*S3 - kr10*S5)

EX_S2: B2 -> S2; E11*(kf11*B2 - kr11*S2)

EX_S5: S5 -> B5; E12*(kr12*S5 - kf12*B5)
EX_S7: S7 -> B7; E13*(kr13*S7 - kf13*B7)

kf0 = 0.08782567588505273
kf1 = 5.0544952049437
kf2 = 1.7409611139845353
kf3 = 46.09719208278434
kf4 = 8.57615275907814
kf5 = 26.279141401314323
kf6 = 0.01594132603781256
kf7 = 0.4367498731279861
kf8 = 14.297419001773932
kf9 = 22.075887889135775
kf10 = 2.2545539013415272

kr0 = 9.199545276321619
kr1 = 4.809041112446915
kr2 = 9.54686168674093
kr3 = 4.203648802427222
kr4 = 2.1315094565285877
kr5 = 4.636575822407822
kr6 = 21.30231390101955
kr7 = 11.547601606605554
kr8 = 26.85259442109819
kr9 = 0.9947589394658805
kr10 = 6.717685935015821

ro_2_7 = 0.9267418467052754
ro_5_6 = 0.9917933930763012

kma_2_7 = 0.7179666082432238
kma_5_6 = 0.33138066491549933

ma_2_7 = 0.0305895982559643
ma_5_6 = 0.44471210349407253

kf11 = 0.12085816019021305

kr11 = 0.3896765419043085
kr12 = 0.015566527204014888
kr13 = 0.7811156841427547

S0 = 2.0544269842047735
S1 = 7.08725010243146
S2 = 3.0065830058814615
S3 = 3.838782382503003
S4 = 7.422778690377808
S5 = 1.6690156766912567
S6 = 7.359300366525944
S7 = 5.793786122049541
S8 = 1.0990793517648256
S9 = 0.5506922136485626

E0 = 1
E1 = 1
E2 = 1
E3 = 1
E4 = 1
E5 = 1
E6 = 1
E7 = 1
E8 = 1
E9 = 1
E10 = 1
E11 = 1
E12 = 1
E13 = 1

B2 = 8.071996813923946
B5 = 0.10022677488484177
B7 = 1.6157658149725462
kf12 = 9.481874617303326
kf13 = 2.5619853369379566
