ext B2, B4, B5

J0: S6 -> S4; E0*((ro_0_3 + (1 - ro_0_3)*(S3/kma_0_3)/(1 + S3/kma_0_3))^ma_0_3)*(kf0*S6 - kr0*S4)
J1: S7 -> S6; E1*((ro_1_2 + (1 - ro_1_2)*(S2/kma_1_2)/(1 + S2/kma_1_2))^ma_1_2)*(kf1*S7 - kr1*S6)
J2: S0 -> S2 + S7; E2*((ro_2_5 + (1 - ro_2_5)/(1 + S5/kma_2_5))^ma_2_5)*(kf2*S0 - kr2*S2*S7)
J3: S0 -> S5; E3*(kf3*S0 - kr3*S5)
J4: S9 + S2 -> S8; E4*(kf4*S9*S2 - kr4*S8)
J5: S3 + S8 -> S0; E5*(kf5*S3*S8 - kr5*S0)
J6: S6 -> S1 + S3; E6*(kf6*S6 - kr6*S1*S3)
J7: S7 + S1 -> S9; E7*(kf7*S7*S1 - kr7*S9)

EX_S2: B2 -> S2; E8*(kf8*B2 - kr8*S2)

EX_S4: S4 -> B4; E9*(kf9*S4 - kr9*B4)
EX_S5: S5 -> B5; E10*(kf10*S5 - kr10*B5)

B2 = 10.32852948
B4 = 48.639623
B5 = 35.969629840199

kf9 = 29.3070
kf10 = 16.652687


kf0 = 0.08433538925185209
kf1 = 0.03118287095476595
kf2 = 0.014663850102716137
kf3 = 2.060454895565512
kf4 = 0.17595699912405086
kf5 = 1.151536624702407
kf6 = 0.015973804607693553
kf7 = 2.8235070295390976

kr0 = 0.1159293746550735
kr1 = 0.032791936097996785
kr2 = 0.5418532919647392
kr3 = 96.82493122769613
kr4 = 0.4732315677573268
kr5 = 0.019156427894042913
kr6 = 0.43425535005100413
kr7 = 0.4862015215927862

ro_0_3 = 0.45260896097852477
ro_1_2 = 0.8091783098474521
ro_2_5 = 0.10645292004414708

kma_0_3 = 0.30418000113087873
kma_1_2 = 0.05470109992184413
kma_2_5 = 0.5528499566062494

ma_0_3 = 0.5815539809353653
ma_1_2 = 0.3926560120162905
ma_2_5 = 0.1618303992887079

kf8 = 0.016282424066805717

kr8 = 0.026516067113637628
kr9 = 0.023238373273825087
kr10 = 0.07646296451903033

S0 = 6.4461689888963285
S1 = 0.3321839042506969
S2 = 0.4911566960546043
S3 = 7.255830711665727
S4 = 7.661508207222205
S5 = 9.171866686909697
S6 = 1.3448235258176233
S7 = 3.4606252919325176
S8 = 1.4038514003219227
S9 = 4.106985082568421

E0 = 1
E1 = 1
E2 = 1
E3 = 1
E4 = 1
E5 = 1
E6 = 1
E7 = 1
E8 = 1
E9 = 1
E10 = 1
