J0: S5 + S1 -> S8; E0*((ro_0_4 + (1 - ro_0_4)*(S4/kma_0_4)/(1 + S4/kma_0_4))^ma_0_4)*(kf0*S5*S1 - kr0*S8)
J1: S2 -> S3 + S5; E1*(kf1*S2 - kr1*S3*S5)
J2: S2 + S0 -> S7; E2*(kf2*S2*S0 - kr2*S7)
J3: S0 -> S9; E3*(kf3*S0 - kr3*S9)
J4: S7 -> S0; E4*(kf4*S7 - kr4*S0)
J5: S0 -> S6; E5*(kf5*S0 - kr5*S6)
J6: S9 -> S2; E6*(kf6*S9 - kr6*S2)
J7: S8 -> S3 + S4; E7*(kf7*S8 - kr7*S3*S4)
J8: S4 -> S1; E8*(kf8*S4 - kr8*S1)

EX_S1: -> S1; E9*(kf9 - kr9*S1)

EX_S3: S3 -> ; E10*(kr10*S3)
EX_S6: S6 -> ; E11*(kr11*S6)

kf0 = 0.2312932766755845
kf1 = 1.3914484717041875
kf2 = 13.23201614389678
kf3 = 0.28421642724636703
kf4 = 0.8878124720909588
kf5 = 0.012980729268291127
kf6 = 68.18760447545085
kf7 = 0.18993321890502352
kf8 = 0.08938756033515681

kr0 = 61.66126554377972
kr1 = 22.760157592888206
kr2 = 0.04239669493783277
kr3 = 9.508552742210078
kr4 = 0.03692415008841106
kr5 = 0.3791625765093475
kr6 = 0.045762650467432164
kr7 = 27.62171290497317
kr8 = 0.020788694758655208

ro_0_4 = 0.7614719805800723

kma_0_4 = 0.7192389145744158

ma_0_4 = 0.4066080016341006

kf9 = 0.6682067988608854

kr9 = 0.24892951507217714
kr10 = 0.0953726259027153
kr11 = 0.10755508377431745

S0 = 0.19375198292659435
S1 = 3.692611516930764
S2 = 2.8894691207354652
S3 = 2.777334565182481
S4 = 7.314278236844164
S5 = 3.251995504279158
S6 = 0.697837012940562
S7 = 9.089321813517584
S8 = 8.551845600762523
S9 = 1.9358181628589122

E0 = 1
E1 = 1
E2 = 1
E3 = 1
E4 = 1
E5 = 1
E6 = 1
E7 = 1
E8 = 1
E9 = 1
E10 = 1
E11 = 1
