J0: S6 -> S7; E0*(kf0*S6 - kr0*S7)
J1: S7 -> S9; E1*((ro_1_6 + (1 - ro_1_6)*(S6/kma_1_6)/(1 + S6/kma_1_6))^ma_1_6)*(kf1*S7 - kr1*S9)
J2: S2 -> S1; E2*(kf2*S2 - kr2*S1)
J3: S9 -> S3; E3*(kf3*S9 - kr3*S3)
J4: S4 -> S6 + S2; E4*(kf4*S4 - kr4*S6*S2)
J5: S7 + S0 -> S4; E5*((ro_5_5 + (1 - ro_5_5)/(1 + S5/kma_5_5))^ma_5_5)*(kf5*S7*S0 - kr5*S4)
J6: S8 + S1 -> S7; E6*(kf6*S8*S1 - kr6*S7)
J7: S2 -> S5 + S8; E7*(kf7*S2 - kr7*S5*S8)
J8: S3 -> S0; E8*(kf8*S3 - kr8*S0)

EX_S4: -> S4; E9*(kf9 - kr9*S4)

EX_S5: S5 -> ; E10*(kr10*S5)
EX_S7: S7 -> ; E11*(kr11*S7)

kf0 = 0.11430336632255358
kf1 = 0.2025688934085389
kf2 = 76.81648533295278
kf3 = 2.804532791381742
kf4 = 2.084752119496836
kf5 = 9.20721112007512
kf6 = 0.02100753402984053
kf7 = 49.59149933391141
kf8 = 38.651519065534515

kr0 = 2.8473505010304394
kr1 = 37.50975845660713
kr2 = 2.6861943464081204
kr3 = 0.018904839816092065
kr4 = 21.42576902645718
kr5 = 0.17242596804071705
kr6 = 0.042807643429775756
kr7 = 48.658088840827205
kr8 = 0.37144140937234743

ro_1_6 = 0.7002094698212755
ro_5_5 = 0.19396463398865127

kma_1_6 = 0.9838251444440277
kma_5_5 = 0.02206596605411182

ma_1_6 = 0.49602418727385933
ma_5_5 = 0.7524957833491889

kf9 = 0.045015497423121

kr9 = 0.012523426191101287
kr10 = 0.023803141858323634
kr11 = 0.02075711204673947

S0 = 0.40291942119876856
S1 = 7.379335938496495
S2 = 2.732996590075958
S3 = 0.9988422577884448
S4 = 0.6190854802833512
S5 = 2.784362011370214
S6 = 1.3710342163146894
S7 = 7.024807930660422
S8 = 9.872169652119705
S9 = 0.22606446887346476

E0 = 1
E1 = 1
E2 = 1
E3 = 1
E4 = 1
E5 = 1
E6 = 1
E7 = 1
E8 = 1
E9 = 1
E10 = 1
E11 = 1
