J0: S9 -> S1 + S4; E0*(kf0*S9 - kr0*S1*S4)
J1: S0 -> S3; E1*((ro_1_8 + (1 - ro_1_8)/(1 + S8/kma_1_8))^ma_1_8)*(kf1*S0 - kr1*S3)
J2: S3 -> S5 + S4; E2*(kf2*S3 - kr2*S5*S4)
J3: S5 -> S1 + S9; E3*(kf3*S5 - kr3*S1*S9)
J4: S4 -> S8; E4*(kf4*S4 - kr4*S8)
J5: S9 -> S7; E5*(kf5*S9 - kr5*S7)
J6: S6 -> S0; E6*(kf6*S6 - kr6*S0)
J7: S1 -> S2; E7*(kf7*S1 - kr7*S2)
J8: S2 -> S9; E8*(kf8*S2 - kr8*S9)
J9: S7 -> S6; E9*(kf9*S7 - kr9*S6)

EX_S0: -> S0; E10*(kf10 - kr10*S0)

EX_S8: S8 -> ; E11*(kr11*S8)
EX_S9: S9 -> ; E12*(kr12*S9)

kf0 = 0.013913814418312303
kf1 = 0.014914353482843399
kf2 = 1.3292629595612004
kf3 = 0.21124871006383864
kf4 = 0.3891412332016148
kf5 = 0.5816945543655402
kf6 = 0.039354489262300306
kf7 = 2.186445917283743
kf8 = 54.348812699224254
kf9 = 3.067554164213629

kr0 = 6.284937615619697
kr1 = 0.16341546830217665
kr2 = 0.1228660995257698
kr3 = 0.14534048165959487
kr4 = 0.4946596083007885
kr5 = 0.03743568452209951
kr6 = 0.6119027640495693
kr7 = 1.5147775427260197
kr8 = 18.474913584893304
kr9 = 25.57551893699681

ro_1_8 = 0.751989854540926

kma_1_8 = 0.7162925820749642

ma_1_8 = 0.4886831976293926

kf10 = 0.2473467211148086

kr10 = 0.4380637239566941
kr11 = 0.06961890914896776
kr12 = 0.38086537727363384

S0 = 4.438853274886356
S1 = 8.467071383160619
S2 = 9.032924049166267
S3 = 0.0059235045292893584
S4 = 3.890892521813588
S5 = 4.151902013581434
S6 = 1.9556199379311257
S7 = 5.52898120676666
S8 = 1.8778180909872344
S9 = 1.052890757251136

E0 = 1
E1 = 1
E2 = 1
E3 = 1
E4 = 1
E5 = 1
E6 = 1
E7 = 1
E8 = 1
E9 = 1
E10 = 1
E11 = 1
E12 = 1
