J0: S4 + S8 -> S3; E0*((ro_0_5 + (1 - ro_0_5)*(S5/kma_0_5)/(1 + S5/kma_0_5))^ma_0_5)*(kf0*S4*S8 - kr0*S3)
J1: S6 -> S9 + S7; E1*(kf1*S6 - kr1*S9*S7)
J2: S0 -> S9; E2*(kf2*S0 - kr2*S9)
J3: S5 -> S4; E3*(kf3*S5 - kr3*S4)
J4: S8 -> S5; E4*(kf4*S8 - kr4*S5)
J5: S1 -> S6; E5*(kf5*S1 - kr5*S6)
J6: S7 -> S0 + S1; E6*(kf6*S7 - kr6*S0*S1)
J7: S0 -> S8; E7*(kf7*S0 - kr7*S8)
J8: S9 -> S2; E8*(kf8*S9 - kr8*S2)

EX_S9: -> S9; E9*(kf9 - kr9*S9)

EX_S2: S2 -> ; E10*(kr10*S2)
EX_S3: S3 -> ; E11*(kr11*S3)

kf0 = 0.8124904645189366
kf1 = 10.882909235991145
kf2 = 28.282343841964384
kf3 = 0.6996324109562139
kf4 = 11.014406624534413
kf5 = 0.010974965260778315
kf6 = 0.0462589376995147
kf7 = 5.3872432823550325
kf8 = 42.04620945313805

kr0 = 0.0201239153906213
kr1 = 3.5998254664923626
kr2 = 1.6219932852759353
kr3 = 2.230808178766717
kr4 = 0.49201778974407107
kr5 = 0.8955019808837946
kr6 = 7.138416243991154
kr7 = 1.6741765010631975
kr8 = 3.567895006652279

ro_0_5 = 0.4215012896155389

kma_0_5 = 0.2840835346287637

ma_0_5 = 0.8203409742527306

kf9 = 0.01012392220836382

kr9 = 0.06815697242621228
kr10 = 0.06510889800357837
kr11 = 0.4877196638355939

S0 = 6.486866486186569
S1 = 3.568205594896715
S2 = 9.616670189693226
S3 = 4.464147912453148
S4 = 8.784378703617493
S5 = 4.450627576697227
S6 = 0.014467250794958364
S7 = 9.991654811492984
S8 = 0.7526254476291527
S9 = 5.899890213055836

E0 = 1
E1 = 1
E2 = 1
E3 = 1
E4 = 1
E5 = 1
E6 = 1
E7 = 1
E8 = 1
E9 = 1
E10 = 1
E11 = 1
