J0: S6 -> S8 + S9; E0*(kf0*S6 - kr0*S8*S9)
J1: S7 + S1 -> S2; E1*((ro_1_2 + (1 - ro_1_2)*(S2/kma_1_2)/(1 + S2/kma_1_2))^ma_1_2)*(kf1*S7*S1 - kr1*S2)
J2: S3 -> S1 + S3; E2*(kf2*S3 - kr2*S1*S3)
J3: S0 -> S4 + S6; E3*(kf3*S0 - kr3*S4*S6)
J4: S6 -> S5; E4*((ro_4_5 + (1 - ro_4_5)/(1 + S5/kma_4_5))^ma_4_5)*(kf4*S6 - kr4*S5)
J5: S8 -> S7; E5*(kf5*S8 - kr5*S7)
J6: S4 -> S0; E6*(kf6*S4 - kr6*S0)
J7: S0 -> S4; E7*(kf7*S0 - kr7*S4)
J8: S9 -> S7; E8*(kf8*S9 - kr8*S7)

EX_S3: -> S3; E9*(kf9 - kr9*S3)

EX_S2: S2 -> ; E10*(kr10*S2)
EX_S5: S5 -> ; E11*(kr11*S5)

kf0 = 5.780365721207545
kf1 = 13.455169088989697
kf2 = 0.7952809755405598
kf3 = 3.516644181776435
kf4 = 0.036552358759680534
kf5 = 0.010945080317704614
kf6 = 0.030307500216231117
kf7 = 0.047238003442917224
kf8 = 53.66652631397773

kr0 = 66.0073069895526
kr1 = 0.2055995956815043
kr2 = 1.3639190982852407
kr3 = 1.3609671954321374
kr4 = 3.98824877868903
kr5 = 0.01750238291854017
kr6 = 2.029056116039805
kr7 = 0.143122978903391
kr8 = 0.03733807675707621

ro_1_2 = 0.526903514402696
ro_4_5 = 0.33476132097407874

kma_1_2 = 0.2700025957849147
kma_4_5 = 0.38107410045100165

ma_1_2 = 0.5234346298233344
ma_4_5 = 0.6391422197802005

kf9 = 0.01693540248356631

kr9 = 0.19818103598135944
kr10 = 0.016352822413556477
kr11 = 0.020911386638617177

S0 = 0.45346227571301245
S1 = 5.452078078245794
S2 = 8.87577984756379
S3 = 0.4962402664764931
S4 = 9.720059225304373
S5 = 9.174743991585393
S6 = 9.283147467793459
S7 = 6.354251966933623
S8 = 2.8849041763885985
S9 = 3.0817839774160474

E0 = 1
E1 = 1
E2 = 1
E3 = 1
E4 = 1
E5 = 1
E6 = 1
E7 = 1
E8 = 1
E9 = 1
E10 = 1
E11 = 1
