J0: S9 + S2 -> S7; E0*(kf0*S9*S2 - kr0*S7)
J1: S5 -> S3 + S8; E1*((ro_1_2 + (1 - ro_1_2)/(1 + S2/kma_1_2))^ma_1_2)*(kf1*S5 - kr1*S3*S8)
J2: S7 -> S0 + S9; E2*(kf2*S7 - kr2*S0*S9)
J3: S1 -> S6; E3*(kf3*S1 - kr3*S6)
J4: S0 -> S1 + S5; E4*(kf4*S0 - kr4*S1*S5)
J5: S6 -> S4; E5*(kf5*S6 - kr5*S4)
J6: S8 -> S2; E6*(kf6*S8 - kr6*S2)
J7: S0 -> S9; E7*(kf7*S0 - kr7*S9)

EX_S5: -> S5; E8*(kf8 - kr8*S5)

EX_S3: S3 -> ; E9*(kr9*S3)
EX_S4: S4 -> ; E10*(kr10*S4)

kf0 = 2.0885908452969733
kf1 = 0.07578711804852972
kf2 = 4.78429014588504
kf3 = 0.06324883494668257
kf4 = 6.319906358796675
kf5 = 0.041799192391139384
kf6 = 0.115223408446511
kf7 = 11.566087004619286

kr0 = 4.027861521328129
kr1 = 1.7070294043122665
kr2 = 4.097094320876562
kr3 = 1.5277797153871218
kr4 = 1.1849693235523642
kr5 = 12.751509037272683
kr6 = 0.231964013090421
kr7 = 1.8196104407040894

ro_1_2 = 0.992723080378148

kma_1_2 = 0.4194795683916781

ma_1_2 = 0.07733676581129612

kf8 = 0.0794146765693681

kr8 = 0.6825609742624689
kr9 = 0.9802469759967157
kr10 = 0.01855128861169775

S0 = 7.5979064440185295
S1 = 7.486264608572473
S2 = 2.8923788163525535
S3 = 3.848578357282065
S4 = 2.8382923755911404
S5 = 1.4577178095461574
S6 = 8.6826404841716
S7 = 3.694359577454256
S8 = 5.672417461313803
S9 = 3.161050204154546

E0 = 1
E1 = 1
E2 = 1
E3 = 1
E4 = 1
E5 = 1
E6 = 1
E7 = 1
E8 = 1
E9 = 1
E10 = 1
