J0: S9 -> S0; E0*(kf0*S9 - kr0*S0)
J1: S1 -> S6; E1*((ro_1_3 + (1 - ro_1_3)/(1 + S3/kma_1_3))^ma_1_3)*(kf1*S1 - kr1*S6)
J2: S2 -> S4; E2*(kf2*S2 - kr2*S4)
J3: S0 + S6 -> S9; E3*(kf3*S0*S6 - kr3*S9)
J4: S8 -> S3 + S1; E4*(kf4*S8 - kr4*S3*S1)
J5: S1 + S0 -> S7; E5*(kf5*S1*S0 - kr5*S7)
J6: S4 -> S5 + S4; E6*(kf6*S4 - kr6*S5*S4)
J7: S7 -> S2; E7*(kf7*S7 - kr7*S2)
J8: S5 -> S8; E8*(kf8*S5 - kr8*S8)

EX_S9: -> S9; E9*(kf9 - kr9*S9)

EX_S3: S3 -> ; E10*(kr10*S3)
EX_S4: S4 -> ; E11*(kr11*S4)

kf0 = 1.8631410240065172
kf1 = 0.027445316630291705
kf2 = 47.88872798623765
kf3 = 53.09711876866407
kf4 = 0.3198133032437639
kf5 = 0.3140186237998472
kf6 = 1.3652400120894017
kf7 = 14.884932629941055
kf8 = 0.02490612610208326

kr0 = 2.6050480004435834
kr1 = 0.09476457221910423
kr2 = 44.154501435816464
kr3 = 8.659946636067316
kr4 = 0.25479404449474613
kr5 = 7.099876714965364
kr6 = 0.32266100425172667
kr7 = 0.22238558529355174
kr8 = 0.016787285487243044

ro_1_3 = 0.12590702946136934

kma_1_3 = 0.8073832071687693

ma_1_3 = 0.33578024031233034

kf9 = 0.38742719550489946

kr9 = 0.17472935833647324
kr10 = 0.1917134564212709
kr11 = 0.03648350732042443

S0 = 4.318776501902727
S1 = 6.685187883266042
S2 = 0.19199781705966035
S3 = 0.8249395024978567
S4 = 6.35258157215326
S5 = 7.540714033894166
S6 = 8.755936502219958
S7 = 3.7411504708652243
S8 = 6.94432065527897
S9 = 4.4438882465646055

E0 = 1
E1 = 1
E2 = 1
E3 = 1
E4 = 1
E5 = 1
E6 = 1
E7 = 1
E8 = 1
E9 = 1
E10 = 1
E11 = 1
